      4.5198938807      1.3069824537      0.3318169905      0.6000000000      0.5000000000      0.9000000000      1.0000000000      0.0000000000      2.3000000000     -0.3500000000
      0.8465563880      0.9542196944      1.1800000000      0.5468710918      0.8248707066      0.3616796821      0.2940552357      0.0387353360      4.7494493231     -1.7922377890
           1
      0.3360727558      0.3631266321      0.9141784203      0.0109524282      0.5558690716      0.0572726907      0.4963827830      0.4870263613      0.0000000000
     -0.1539154178     -0.0305975787      0.0000000000
     -0.0430218746     -0.0240437803      0.0000000000
      1.4632360285      0.9307908514      0.0000000000
      0.3660736201      0.3352246531      0.0000000000
      0.9209256071      0.8538994639      0.0000000000
     -1.4609617804      0.2479500566      0.0000000000
      2.3680028219      2.1980894811      0.0000000000
     -0.1633689384     -0.1607268089      0.2927186910     -0.0600000000      0.4585255998      7.0000000000      3.5000000000      0.0000000000
           2
      0.1955246923      0.1686963914      1.4906996219     -0.0025467987      0.3970829981     -0.0576950250      2.0395181783      0.0000000000      0.0000000000
     -0.6761458818      0.0000000000      0.0000000000
     -0.2128605269      0.0000000000      0.0000000000
      0.9303698553      0.0000000000      0.0000000000
      0.3218418195      0.0000000000      0.0000000000
      1.1336511391      0.0000000000      0.0000000000
      0.0021264139      0.0000000000      0.0000000000
      1.4791533335      0.0000000000      0.0000000000
     -0.5445646881      0.0215608339      0.2724933523      0.0000000000      0.6401188853      0.1665156154      1.5638309723      0.0000000000
           3
      0.2353182466      0.5788566580      1.7309408325     -0.0033493050      0.9023220723      0.0030564739      0.2877191724      0.0000000000     -7.2452329608
     -0.1053169485     -0.0920327325      0.0000000000
     -0.0002113571      0.1750580453      0.0000000000
      1.0403038083      1.0013061394      0.0000000000
      0.6484368552      4.7528013150      0.0000000000
      0.9580378767      1.3683847886      0.0000000000
     -3.4035857056      0.2495274371      0.0000000000
      2.0931270717      2.0170325586      0.0000000000
     -0.0258087326     -0.0241693868     -0.0839266096      0.0000000000      0.0471243159      0.1243894905      0.2654952580      0.0000000000
           4
      0.3646994414      0.4912292377      2.8438281178     -0.0048435828      0.9783861597      0.0617079117      0.2783709115      0.0000000000    -14.0495506911
     -0.0714078852     -0.1013180354      0.0000000000
     -0.0996851771      0.1130647480      0.0000000000
      1.1159871301      1.3447297344      0.0000000000
      0.7837893776      0.7871349314      0.0000000000
      0.9472825120      1.3116513491      0.0000000000
     -2.5532814581     -0.0271668323      0.0000000000
      2.2419922892      1.8972144706      0.0000000000
     -0.0695025583     -0.1187165192     -0.0424595483      0.0000000000      0.1590542167      0.4944973121      0.2998707614      0.0000000000
           5
      0.3897193922      0.4813798128      3.3005817988     -0.0131475784      0.8618807023      0.0447186680      0.5125530021      0.0000000000    -23.0980287180
     -0.1774914151     -0.1631174053      0.0000000000
     -0.0001338044     -0.0232803014      0.0000000000
      1.3586012375      1.1218746583      0.0000000000
      0.7718620266      3.8572722971      0.0000000000
      0.7905401744      0.8836878797      0.0000000000
      0.4142847124     -0.0179772336      0.0000000000
      2.0245199773      2.1462963368      0.0000000000
     -0.1904650758     -0.1577591653     -0.0482823722      0.0000000000      0.1631448939      0.4886309855      0.4112426402      0.0000000000
           6
      0.3820716241      0.4447223649      3.3512928085      0.0023732460      0.8788347836      0.0615658558      0.7017599730      0.0000000000    -34.9204802388
     -0.2866236981     -0.2748544738      0.0000000000
     -0.0002805465     -0.0439483467      0.0000000000
      1.2817891646      1.2221270022      0.0000000000
      0.7351789748      4.7752125049      0.0000000000
      0.9584386429      1.0431496228      0.0000000000
     -2.2030977523      0.4734602030      0.0000000000
      1.8712329426      2.0294279556      0.0000000000
     -0.3291907448     -0.1884121081     -0.0466823884      0.0200000000      0.2496453827      0.6335736834      0.2966182872      0.0000000000
           7
      0.6023399590      0.4980566685      3.0548311883      0.0208251931      0.8426279629      0.0513060341      0.6386980622      0.0000000000    -50.6147656782
     -0.2669873791     -0.3371363547      0.0000000000
      0.0238076799     -0.0597187222      0.0000000000
      1.0906733771      1.2522129986      0.0000000000
      0.7961466569      3.6742964726      0.0000000000
      1.1646618206      0.7990215432      0.0000000000
     -1.4482309583     -0.2822145114      0.0000000000
      1.9634380853      2.3148961194      0.0000000000
     -0.4006507854     -0.1919533237     -0.0333567641      0.0300000000      0.2032180251      0.8556141560      0.5775608545      0.0000000000
           8
      0.6458479577      0.5504632555      2.3297221569      0.0747715890      0.8291871890      0.0308122338      0.7002346095      0.6744445966    -69.3308226160
     -0.3797162553     -0.3895781050      0.0000000000
      0.0130698067     -0.0416469732      0.0000000000
      1.2791974341      1.1849658595      0.0000000000
      0.7016155143      3.6775739218      0.0000000000
      1.2544643737      0.8381649598      0.0000000000
     -1.1431724710     -1.1305305298      0.0000000000
      1.9678359788      2.1829817591      0.0000000000
     -0.7346912137     -0.1995341781     -0.0020699856      0.0300000000      0.3076154834      0.9243563513      0.2412459803      0.0000000000
           9
      0.3071260365      0.2814331083      2.0941587030      0.1508565511      0.7621158727     -0.0014071527      0.6566127349      0.0000000000    -93.6067508364
     -0.3696959327     -0.4479016133      0.0000000000
      0.1835116864     -0.0705887848      0.0000000000
      0.8637664801      1.1526183501      0.0000000000
      0.7453880379      3.3036903967      0.0000000000
      1.7439153684      0.7526159654      0.0000000000
      0.1027443492     -0.7692213262      0.0000000000
      1.9947324108      2.1293648371      0.0000000000
     -0.3244433262     -0.2095427689      0.2871726183      0.0000000000      0.4769453074      0.8887914399      1.6518937736      0.0000000000
          10
      0.3704186053      0.2496959249      3.7554492185      0.0457791834      0.8458809701     -0.0470832181      0.6267336381      0.0000000000   -121.9337848581
     -0.5387477576     -0.5697923601      0.0000000000
     -0.1138220491     -0.0006843087      0.0000000000
      0.7494707934      0.9776415119      0.0000000000
      0.7223089283      3.1840653771      0.0000000000
      0.3842985212      0.9322137016      0.0000000000
      0.2037236988      0.3320515218      0.0000000000
      2.1282012208      2.7435126102      0.0000000000
     -0.0374326133     -0.1108370336      0.0064820989      0.0000000000      0.1582278605      0.9892568042      1.0964792272      0.0000000000
          11
      0.2331439110      0.6221255951      1.6066138277      0.0127803737      1.1725425878     -0.0028479572      0.3033373635      0.0000000000   -162.0601643155
     -0.1190682044     -0.0752549107      0.0000000000
      0.3470320460      1.3318663214      0.0000000000
      1.1445907308      1.1742707263      0.0000000000
      0.6364696073      1.3690203977      0.0000000000
      1.0981472089      1.7315312642      0.0000000000
     -4.6149704303      2.8601258285      0.0000000000
      2.3871436408      2.2099624698      0.0000000000
      0.0765367204     -0.0804254608      5.4106902057      0.0000000000      0.4085477918      0.1368474150      1.5935258544      0.0000000000
          12
      0.3874194857      0.6106202887      4.9726105387      0.0198405425      1.1300000000      0.0864424196      0.3291642719      0.0000000000   -199.3748419131
     -0.1336306539     -0.0554971985     -0.0223384226
      0.0168020369      0.1453620946      0.1383670208
      1.1070222034      1.1835836239      0.9941423130
      0.6859872126      2.8909722520      0.1934202236
      0.6019662030      1.5460266365      0.5900696111
     -1.5428038610     -1.3090601943      1.0294565411
      1.9037030152      1.6552812334      2.5000000000
     -0.1019966617     -0.0908780218     -0.0974305160      0.0000000000      0.1032444092      0.2056533256      0.3361167097      0.0000000000
          13
      0.2951432944      0.4759079226      5.5877465483     -0.0139051093      1.1692632743      0.1051757670      0.3313787821      0.0000000000   -241.2522876598
     -0.1395043229     -0.1400242058     -0.0242025909
     -0.0099308789      0.0801573401     -0.0327530637
      1.2348408949      1.1693304071      1.1825426475
      0.7191044359      2.2362458416      0.2923062227
      1.0894363099      1.0370413863      0.8067752327
     -1.2364557904     -1.7000000000      1.5000000000
      1.7657042371      2.0022673873      2.5000000000
     -0.1244766534     -0.0776012319     -0.0535176404      0.0000000000      0.1515446180      0.2772377898      0.2382079967      0.0000000000
          14
      0.3273767674      0.4171249586      6.5002720193      0.0381000515      1.1171610505      0.0406153043      0.6125738746      0.0000000000   -287.1603998374
     -0.1874718086     -0.2703927877      0.0063630898
     -0.0414177257     -0.0217671929      0.0286784216
      0.9422816361      1.2058397960      0.7554599148
      0.8734973207      5.8185088152      0.4607196006
      1.1918541343      0.9174862548      1.7536359850
      0.4052521546     -0.1904961095      1.1616176964
      1.8569632594      1.8592516924      2.5000000000
     -0.2549581019     -0.0499007326     -0.1426084439      0.0000000000      0.2093352203      0.2398182391      0.3478006311      0.0000000000
          15
      0.2739678299      0.3585615569      6.5665022766      0.0254881025      1.1738378315      0.0816768297      0.4220677161      0.0000000000   -338.2086814138
     -0.2708301052     -0.2437604696      0.0100754975
     -0.1210444614      0.0202443046     -0.0206642795
      1.0024942637      1.1410883817      1.1389425906
      0.9138320555      4.2930513848      2.4973707298
      0.9202063857      0.7127889356      1.1781030568
     -0.2303859319     -0.0598225795      1.3751801344
      1.6581337387      1.9946732140      2.5000000000
     -0.2540031102     -0.1456349320     -0.0986339710      0.0000000000      0.1019724249      0.4212743964      0.2324880908      0.0000000000
          16
      0.3941652265      0.4523158679      5.8935614622      0.0539807680      1.1600668122      0.0325960880      0.4438822752      0.0000000000   -394.6212341110
     -0.3381271241     -0.2935945658      0.0212103456
     -0.1022869658      0.0072757879      0.0019640651
      1.0574639146      1.0974357587      1.1801728272
      0.7813890022      4.6012573510      2.5639563640
      0.7376564794      0.8087545890      0.9398909319
      0.6587526284     -1.2008802579      0.6006912583
      1.8537739553      2.1055491391      2.5000000000
     -0.0894607296     -0.1184969880     -0.0997097073      0.0000000000      0.1031377223      0.4269899851      0.2746058111      0.0000000000
          17
      0.3516083985      0.4105170399      4.5642533193      0.1458925675      1.1614192970     -0.0104576822      0.4686559262      0.0000000000   -455.2529763462
     -0.6233847163     -0.3763028408      0.0300694255
      0.0433815387     -0.0166685321      0.0393250693
      1.1588834253      1.0477702155      0.8699577114
      0.6572389533      3.2523090241      2.1392805990
      1.2217625207      0.8965023022      1.2525355112
     -2.6428483448     -0.3404817972      0.4522462899
      1.8088809981      1.6176427664      2.5000000000
     -0.1483258294     -0.1224533568     -0.1956791794      0.0000000000      0.1253942926      0.5096794126      0.5675725820      0.0000000000
          18
      0.3714348895      0.4920533273      5.1173925147      0.0016813223      0.7632148905      0.0000288773      0.8146268085      0.0000000000   -521.0498440518
     -0.4611182302     -0.4757141268      0.0003796135
     -0.0014733452      0.0001849587      0.0000741204
      1.1174453717      1.2292319753      0.7712000935
      0.9025618132      5.6340352198      1.8890843335
     10.7118978478      0.7485627827      0.7478131295
     -0.0118082817     -2.1886053463      0.0021682029
      2.4093516493      1.6915183228      1.0000000000
     -0.0266966116     -0.1559007795     -0.1951137212      0.0000000000      2.2784225970      0.5175126843      0.5540073129      0.0000000000
          19
      0.2838708810      0.8026029448      2.6754508234      0.0919435501      2.2741771165      0.1731990917      0.2331353999      0.0000000000   -599.7069092880
     -0.0646143028     -0.0386165160      0.0000000000
     -0.0012092318      0.1606658883      0.0000000000
      0.9589348617      1.3531975202      0.0000000000
      0.6419258139      1.3108769997      0.0000000000
      0.7389649690      1.1033753033      0.0000000000
     -0.0686353082     -3.7374224604      0.0000000000
      1.3831606177      0.8903400014      0.0000000000
     -0.0569515977     -0.0953502864      0.2807368394      0.0000000000      0.0597266634      0.0990797796      0.3637095436      0.0000000000
          20
      0.2520912633      0.4856333899      6.0018929262      0.0618921683      1.2149223946      0.0551767585      0.2690610330      0.0000000000   -677.0367194160
     -0.1345206605     -0.0552043450     -0.0573257742
      0.0211755248      0.4658743008     -0.3229802518
      0.9883549800      1.1677100114      0.9158153799
      0.7357232426      1.8469154109      0.3663931969
      0.8887409986      1.9353725361      0.7061923581
     -2.0000000000      0.8820571395     -1.7000000000
      1.8219934633      1.6221457445      1.0000000000
      0.0160744839     -0.0502318181     -0.0780855338      0.0000000000      0.0256530207      0.0742871274      0.2083536372      0.0000000000
          21
      0.2712702439      0.4767726220      6.3818453941     -0.0099044101      1.4316790471      0.0000584249      0.4526857149      0.0000000000   -759.6196331233
     -0.1386373092     -0.0826673898     -0.2211605997
      0.1696507764      0.0247208972     -0.0005744784
      0.8178908047      0.7009658589      0.8684147930
      1.0712368178      3.3644165239      1.7109773109
      0.7942205626      0.9732634432      1.1198710800
     -0.7738961858     -0.1012809271     -1.5281827005
      2.1248965105      1.3407253569      1.5000000000
      0.0119476915     -0.0670958300     -0.0022173220      0.0000000000      0.5249336661      0.1484359987      0.1794392688      0.0000000000
          22
      0.4861273484      0.5196788640      8.2553499654      0.0660527199      1.5716208447      0.0664903840      0.3774829613      0.0000000000   -847.9832202525
     -0.1671825760     -0.0866278256     -0.2164186804
      0.0192793278     -0.0222139848     -0.0036764716
      1.1522048161      0.9397990756      1.3223880859
      0.8320703977      4.6805045271      2.1568955654
      1.1042047960      0.3491821668      1.4577507860
     -0.3009627262     -0.1465429259     -0.3917387758
      1.9651931761      1.9288377235      1.5000000000
     -0.0047947761     -0.0781320076     -0.0038932057      0.0000000000      0.2807039155      0.2044857015      0.2727121574      0.0000000000
          35
      0.3321434274      0.4462791767      5.4819989367      0.0630906082      1.1596931130     -0.0005358334      0.4487602041      0.0000000000  -2569.4246281365
     -0.4685258961     -0.3393230868      0.0416684456
      0.0694894936     -0.0028720454      0.0364897461
      1.1761398525      1.0893321505      0.7651761147
      0.7385742348      4.8924299844      3.3565107071
      0.8775173026      0.7662828962      0.9139485725
     -1.9049533904     -0.2259517490      1.2338809639
      2.1988585877      1.9677422908      2.0000000000
     -0.1546354108     -0.1070962872     -0.0995727669      0.0000000000      0.0965616621      0.4764771083      0.2821701683      0.0000000000
          36
      0.3302120209      0.4009223607      9.0469855105      0.0057409520      1.0000977706      0.0000166333      0.6062968699      0.0000000000  -2747.8730668025
     -0.3244242869     -0.4061053442      0.0038721692
     -0.0030620803      0.0013511205      0.0002994557
      0.6909080276      1.1958263470      0.8556055473
      1.1246856059      4.7199942081      1.8963335013
      1.9200515459      0.6358243373      0.6969812179
     -0.0433942699     -2.9373981132     -0.0484623758
      2.2571201398      2.2343779827      2.0000000000
     -0.0723060912     -0.1447989894     -0.1457715654      0.0000000000      0.1585327946      0.4779674800      0.3371182983      0.0000000000
          53
      0.3016194207      0.4575844748      8.0886674764      0.0306259031      1.5461314912     -0.0015758323      0.4548983656      0.0000000000   -293.6190297436
     -0.4398067795     -0.2890695029      0.0415202822
      0.0721155685     -0.0032662534      0.0386608958
      0.9166996823      1.0481366883      0.6317695951
      0.8101243724      4.4810515124      1.8364360295
      2.1694060519      0.7376446162      1.1414070251
     -0.4042839694     -1.0094259124      2.0710461545
      1.8392696534      1.8455919274      2.5000000000
     -0.0279112617     -0.1274165379     -0.1273592846      0.0000000000      0.3146169195      0.2777182241      0.2122095240      0.0000000000
          54
      0.3037055103      0.3975295233     11.9277477899      0.0136931584      1.3998908952      0.0075706165      0.4969517485      0.0000000000   -324.0868271329
     -0.2831896805     -0.4412139859     -0.0296600757
     -0.0083094745      0.0027183734     -0.0051015349
      0.7943460330      1.1868037084      0.8838597785
      1.1160013314      4.3137182166      1.7523068335
      1.9295790025      0.6319705240      0.6816067396
     -0.0207846190     -0.2699131776     -0.1192365565
      2.2197105990      1.9939899481      1.5000000000
     -0.0623813002     -0.1738869031     -0.1313059175      0.0000000000      0.1576110007      0.7434591967      0.2388216138      0.0000000000
